282384
580378
836596
543692
375166
200841
827065
167576
652065
669854
395336
470965
038211
240928
234702
975517
258673
307413
896600
259986
490718
047934
370471
887647
008093
702446
237833
532441
567544
675014
606799
763903
237976
620871
613526
610898
168488
197418
218195
523718
337646
041983
265352
903818
525212
130063
241888
677325
896852
901710
531800
048485
791479
076676
114921
126286
396119
720267
279779
969558
319606
606958
683232
875683
369168
986459
158903
416978
087797
666737
239707
229430
382516
378853
518700
504122
564554
402077
534130
031663
981449
629128
102863
662310
310407
508763
125967
116255
638933
088991
744309
095871
247982
921924
976171
205030
115466
694100
904283
266425
824847
424642
462743
457424
597662
018058
276023
103420
825569
566725
099931
460742
124853
804538
154631
337384
530236
601024
997582
871557
462143
540087
197539
292555
275548
994492
335182
302837
348307
847351
512538
863799
582247
372803
969167
206540
783188
256160
892798
268698
882507
813638
833796
099164
406528
503032
388914
921318
804916
371270
365278
810394
159533
237831
820764
785118
983877
334527
227373
641839
048152
020004
401566
075079
740466
689802
187212
867719
102568
525455
112800
649505
394769
886444
203081
981475
988016
391314
783194
563478
782456
573456
930045
767933
636181
798815
002440
391262
676197
114007
501816
566008
022104
627729
998566
821925
854076
029415
891822
849699
183325
782336
902348
815077
542627
368041
291826
022402
425685
354085
130756
260771
979343
430595
891056
874815
049140
834702
670137
964324
624401
066065
750547
786852
207394
419914
391356
473965
791885
402659
319758
905613
681819
041672
903554
845992
820953
795576
623616
702391
021582
652980
724474
647403
427543
367498
653392
439614
211735
711422
063787
323518
198391
598979
865499
373740
153757
399813
817485
874569
213858
857038
348302
936404
760994
847689
095237
689137
607146
398421
709451
728517
905180
763164
614271
095241
870077
562382
062403
885962
468061
751513
202229
604108
590627
502728
511238
270045
554066
238501
546594
720548
658475
643403
235459
551147
883412
250707
339880
629257
373191
483632
587277
405151
535262
798845
642434
989183
282821
191832
100927
942577
135052
049338
273006
542461
441237
001343
944487
685963
457467
980452
801699
205950
546722
981077
541663
916208
646352
009759
778574
090513
034907
082335
634350
764894
451316
996013
097026
383894
990815
898010
158898
632085
027108
190559
128360
464830
821545
834532
472643
510109
296386
205291
781423
773714
396757
991574
483010
061408
419994
995689
918539
413635
405113
964226
057339
620416
705707
831636
304736
172526
010497
561475
546426
808150
694803
926674
445161
411308
396633
007816
832504
113496
238825
041700
341084
098559
582584
150884
731833
775719
874193
947825
048281
571308
732945
719655
640522
330154
241574
660588
216882
775440
260865
237570
828630
017178
376907
855172
769888
749544
173740
427224
997299
430719
199476
884757
356278
416753
254343
857027
351457
966168
246626
238082
366980
805376
874867
529053
067923
181112
156826
678150
305222
769805
467086
803876
241540
292330
674030
093810
947741
680808
897370
265144
447352
520566
258046
957973
960262
869332
490172
374811
112093
206879
350746
318384
970146
005780
721394
540859
597454
544970
967827
601359
985708
458269
894004
836998
089145
694906
658102
842640
657482
466677
340608
202360
028035
995280
307385
648190
890546
717658
769259
233071
205322
240561
241325
322537
651796
413756
760485
726552
131794
060829
070962
475414
309156
558998
